start=201.178370
speed=0.010307
volume=0.000000
contrast=1
