start=78.081621
speed=0.010000
volume=10.000000
