start=77.175844
speed=1.000000
