start=148.775000
speed=1.502630
fullscreen=yes
aid=1
