start=300.700000
speed=2.214451
border=no
