start=271.858499
speed=1.000000
