start=175.791000
speed=1.004297
border=no
