start=27.780837
speed=0.010000
volume=10.000000
