start=13.638625
speed=1.000000
border=no
