start=89.237758
volume=40.000000
contrast=1
