start=87.584740
speed=0.010000
volume=20.000000
