start=885.413333
speed=2.400000
fullscreen=yes
